0 0 0 0 0 0 0 0 0 0 0 0 0 0 0 0 0 0 0 0 0 0 0 0 0 0 0 0 0 0 0 0
0 0 0 0 0 0 0 0 0 0 0 0 0 0 0 0 0 0 0 0 0 0 0 0 0 0 0 0 0 0 0 0
0 0 0 0 0 0 0 0 0 0 0 0 0 0 0 0 0 0 0 0 0 0 0 0 0 0 0 0 0 0 0 0
0 0 0 0 0 0 0 0 0 0 0 0 0 0 0 0 0 0 0 0 0 0 0 0 0 0 0 0 0 0 0 0
0 0 0 0 0 0 0 0 0 0 0 0 0 0 0 0 0 0 0 0 0 0 0 0 0 0 0 0 0 0 0 0
0 0 0 0 0 0 0 0 0 0 0 0 0 0 0 0 0 0 0 0 0 0 0 0 0 0 0 0 0 0 0 0
0 0 0 0 0 0 0 0 0 0 0 0 0 0 0 0 0 0 0 0 0 0 0 0 0 0 0 0 0 0 0 0
0 0 0 0 0 0 0 0 0 0 0 0 0 0 0 0 0 0 0 0 0 0 0 0 0 0 0 0 0 0 0 0
0 0 0 0 0 0 0 0 0 0 0 0 0 0 0 0 0 0 0 0 0 0 0 0 0 0 0 0 0 0 0 0
0 0 0 0 0 0 0 0 0 0 0 0 0 0 0 0 0 0 0 0 0 0 0 0 0 0 0 0 0 0 0 0
0 0 0 0 0 0 0 0 0 0 0 0 0 0 0 0 0 0 0 0 0 0 0 0 0 0 0 0 0 0 0 0
0 0 0 0 0 0 0 0 0 0 0 0 0 0 0 0 0 0 0 0 0 0 0 0 0 0 0 0 0 0 0 0
0 0 0 0 0 0 0 0 0 0 0 0 0 0 0 0 0 0 0 0 0 0 0 0 0 0 0 0 0 0 0 0
0 0 C-4-0 0 0 C-4-1 0 0 0 0 0 0 C-3-0 0 0 0 0 0 C-4-0 0 0 C-4-1 0 0 0 0 0 0 C-3-0 0 0 0
C-1-0 C-1-1 C-1-2 C-1-3 C-1-0 C-1-1 C-1-2 C-1-3 C-1-0 C-1-1 C-1-2 C-1-3 C-1-0 C-1-1 C-1-2 C-1-3 C-1-0 C-1-1 C-1-2 C-1-3 C-1-0 C-1-1 C-1-2 C-1-3 C-1-0 C-1-1 C-1-2 C-1-3 C-1-0 C-1-1 C-1-2 C-1-3
C-2-0 C-2-1 C-2-1 C-2-0 C-2-2 C-2-1 C-2-0 C-2-1 C-2-0 C-2-0 C-2-3 C-2-1 C-2-4 C-2-1 C-2-0 C-2-1 C-2-0 C-2-1 C-2-1 C-2-0 C-2-2 C-2-1 C-2-0 C-2-1 C-2-0 C-2-0 C-2-3 C-2-1 C-2-4 C-2-1 C-2-0 C-2-1
C-2-1 C-2-1 C-2-1 C-2-1 C-2-1 C-2-1 C-2-0 C-2-2 C-2-1 C-2-1 C-2-1 C-2-1 C-2-1 C-2-0 C-2-0 C-2-1 C-2-1 C-2-1 C-2-1 C-2-1 C-2-1 C-2-1 C-2-0 C-2-2 C-2-1 C-2-1 C-2-1 C-2-1 C-2-1 C-2-0 C-2-0 C-2-1
C-2-1 C-2-1 C-2-1 C-2-0 C-2-0 C-2-0 C-2-0 C-2-0 C-2-0 C-2-0 C-2-1 C-2-1 C-2-1 C-2-1 C-2-1 C-2-1 C-2-1 C-2-1 C-2-1 C-2-0 C-2-0 C-2-0 C-2-0 C-2-0 C-2-0 C-2-0 C-2-1 C-2-1 C-2-1 C-2-1 C-2-1 C-2-1